.. ,, ι · .
, , ,-

mmmm 11111 1111111111 mmmm.

11111111 neue Boarheimng 1111 folgenden 11111111 11111111
1111 1111111 1111 Bemmkungen 1111111111 11111 Ausgabe 11 dem
Lil. 1111111111. 1862 Sp. 17 1111111111111111111111’1111111111
1111111111 1111111111 1111111111, 111111 11111111111111111111111-
111111111111111 11111 11111111111131 zm 1111111( 111111. des Livius
mn 11. ,11111111 11866) 1111111111. [1111111111111111111111111111111-
11111111111111 1111 111111111111 111111111111113111 (11111111111131-
1111111111, 1111111111 11111 11111 111111· 111111111111118 (111111111-
1111111111111111111111111 mn 11111111111111111 111111 111111111111111
1111 [111111113111111111111111 111 (111 1111111111· 111 diesen Bssehem
nbzugelmn mich 111111 111111111111111 11111111 und (1116111111
11111111111111111 11 1111· ,111111111111117 111 11111111 Livii Mogumino
(181111) 1111111111. Mag 11111 1111 1111111111111111111111 11111111-
11111 11111111 11111 11111111111111111 111 (111 1111111 1111 11111111,
11111111 111 11111111. 11111111111111111111. so 111111111111111111,11111
sclmn (11111111111111111 1111 1111111111. Livii 11111. 1. 111111
1111111111111111111118. 111. 1111111. 1111111 11111111, dass 1111111
1111111111 11111 11111111111111 11111111, 111 1111111111111111111111,11111111
111 1111· 1111111111· 11111111. 111111111111 siml. 1111111111111111111 das
Bmmm 1111111 111111 11111 11111111111111111111111 1111111111111111111111
111111111111111111. 1111· 111 111111111111 111111 111-1111111 werden
1111111111. 1111 ist: s. Mam-ig 1111111. 8. 3115. 111111 11111111,
111111111111111· 11111111 1111111111111111111111111. 111 11111111 nicht
(1111111111 111111. 1111111111 1111111111(111111111111111- und An·
11111111111111111· (111 1111111111 1111111 11111111111111111111111111
(111 11111111. 1111111111 111111 1111111 111111 1111111111 11111111111111,
111111111111111 1111 11· 111 11111 5111111. 1111111111111111111111 denen
1111111111·1111111111111. 111111111111111111.11111111 111. 11111111 11111111
1111 1111111111 1111111. 11111 1111. 1111111111111 11111111. bis zu dem
l'mmm. 1111 1111· 1111 1111111111 11181111 11111 (11·11111111111111
1111111 1111111111111 11111 1111111 11 (1111111111 Ausgabe ‘die 111111
111111111111111 1111111111 11111111 111 (1.1111111111111. 111 l, S. 111),
11111111111111 111111111111111111111 111 11111 111111 1111 1111111111
11111111. 1111111111111111111111118111111111. 11111111 (111111111111111
11111111111111111 111 11111111 11111111 111 (111111111111 11111111111111
(1111111111. 111111. 18. 1831 ,11111111Ι 1. a. Ο. S. xll). so menige
11111111111111111 1111111111 1111.

13111111111111111 1867.
W. 111ίὺ111111.

 

