11111111-111111111. 133

in 5115113111 1111111 11113. 11151 mit 5111111111, 111111 11 1131111511111
.(a. 35, 3, 2), ao 1113 3115311111 11151 11151111

13, 313·.] 3311313 Β, 1131111 3111.

s 11,’Β1“111111’11111·’1] 5111111111- -15111111 1111111 raam 3111.,1’11111’1
11111

11,.2Α]511,10.3111,,,111.Β ’

11,1 hominibus quod 1311111111 1111111111 3111111111 1111111] 11 (doch
1111111131 Minatium 111311111111111111 ωου111115111111111ις mngssmm
3111111311 quod 111111 Hispanis 1111111111 5131111111· wsb!
51111151 11 311 111 1511 5115151111111 La. 311 8151131111 1151111 11-
11151 11 1111111111 111 11 nomme 11 1135111, 31 11111111 wohl 111
3113115111511311511111121,32,1133,3,31,1,),131111111111111
1311111113111151111131 11. 5, 25, 31 21, 38, 31 13, 53, τ’.

15,1111111’11]Β111111111’1131,111113111.

15, 5 311111151111111311 11111111 31111, 3111151115

15, 2151111111Π11121111111111111511 1111111115

132111135131111 1111, Β ²

1111.]Β 5111511111οά 1111, Β.
11’11·1111.;1111·1111.,11·11.

12, 31111151131131 11113115115.

18, 1Α11111111]Β; 81311111511 3111,

18,51111151·11111111]311,111115111 11111113111111111331131111151 5111-
11 3111131555,’1·1111151·1 1511131111111531115511115,111111115
1115115111 findet (1, 25, 28, 151 corpora 11111 1111113111 rosnarum
511511131151151111,111511153313111325113 113 11111111
311213θῖ1111513115111131131111111131135111111.18,12122,

18, 28111111 1111111]1,11311113111,11553 1111111·.,11111111113111 quod

1111111315, 5315·3111111111·11·131111111111. 1, 1,,115581] 1112 223
1211 aiu 1111111111 3115 115131 3111 11551 ao 111111,

18,81111511111115111113111.

18, 3 11 115111 1113 51113,

13, 2111111 antequam 51151111]111,1111111 111111513111131511 111111
11111131131111 anta Β,

13,21111111111113ῒ11111111111113111 Β

13, 5111 Asiam] 1111111 11111 Β, fehlt· 11 3111.

32131511,35.01113·11]31111.111111111Β11,111111·111111111).31.91-
111111233113111111111151111111511131111131511511, 311311

11,11111 1111111511. 1111111111151311,

1, 323] 8111 1. 315,

1,1Ρ.]311 1111Β, 111111 1511511,

1,51111111111111111]3111.,1·111,51111111315135..

1, 511111111511111] 31111113111111115.

1, 2113111111311111·]11 13111.11111Β

zzmnonogoonttnuimus] 5111 1111111111111 B 111111111111111111·
11111111 ο

2,511111·111111]Β111111111111131.

2, 2 11111111131111111111311] 3111151 51111311111111111111151111
3111115 Β,13[11111·1111 111111113113111111.

2, 211· 1111111311] ar. 2111111Β,11·1111111511]511. 511.

2, 81111ροὶ3111 1 1111111111]31111111111111111 11Β,

2,111111]31111111115,1’511 1111.

· 2111111115511111131111115,

1111. 111 11. 111. 13

 

