VORWORT.

1115Ν5535115115531151 1151515551511 und (151 15115531 111
55551551511155615511111155 5115131 1115 15 den 11111151 155 5111
55355155115155 11151155, 1115111. 151 1151155155 11511535 1151511155
1151151 1515 511155 1155115 (115511 1).

115 Text 115155 1551151555 9155115515 15 5511555355 (dar-
55151 sehr 1111155115, wie 33, 29, 12 iussique, 34, 62, 17 111111-
quit u. n.); 5115515 5151115115 0115531551115 und 1515155511155
5115151155 35151511 werden (s. 2. Β. 34, 56,12); 35515555
1111151155 1151151511 55 folgenden 81511555513555515155133, 1,
1. 2. 3. 2, 1. 5, 10. 11. 9, 3. 15, 2. 7. 15Ῑ17, 9. 18, 3. 7. 9. 10
12. 16. 21,5. 23, 2. 9. 24,4. 8. 28,“1. 8. 29,4. 8. 30,8. 34,
6. 35, 8. 12. 36, 3. 4. ’1. 38, 10. 40, 5. 6. 41, 7. 42, 1. 8. 44,
448, 1.5.8.-34, 1, 3.4.6.2, 2.·1.13.3, 1.9.4, ’1.19.
5,.,.96119.7,..,.,.23869411,4.,.512613,4.56.
’1146153616117120312112625527
72881112291213023151121419 32 3.
18 331034251363373396940443544
6461713482649275046525534554,
3.,5711..,..,..11158512615862,3..13

Die 11111111 1111111 15 der 1151155 11515115 des Livius 551 be·
155151585115151131151155. 85 5515531151 die 115115 8511551553 der
1151515111551115111111 111, 5511 51155111 11511 1115151115 55 115111511-
1151111511 und 2515111111311511 (151855551351115511151111111551515113
5115115355 15131, 15 5555151515111115511 3511531, 1111, wie Madvig
51 5115551511 und 35551511 gethan, den 11511553 515151155155.
11511113 wind, (15115111 11511551 151551 Praefatio S. 111551151155,
bei einer neuen Aussage die Lesnrten 1151Μ 15 551155135115115·
15151 11511511511515111 5111151151 Konseqnenz‚ 1515551 Τ5115 515-
151151555; 1511 15151115 51151, 1511115515115 defun 1115115511 nich*

 

